"V7","strain"
0.006056118,0
0.00606161,-0.00261351613748121
0.00606058,-0.00580781363886242
0.006059101,-0.00967968939812123
0.006059346,-0.0141323465212628
0.006060997,-0.0188753943263373
0.006059771,-0.0238120359193841
0.00606091,-0.0289422713003861
0.00605898,-0.0341693035753829
0.006060247,-0.0392027420624073
0.006062026,-0.0443329774434093
0.00605805,-0.0492696190364561
0.006059701,-0.054206260629503
0.00606033,-0.0589493084345774
0.006061597,-0.0635955593456914
0.00606178,-0.0681450133628106
0.006061512,-0.072597670485935
0.006059906,-0.076953530715099
0.006059384,-0.0812125940502682
0.006058479,-0.085374860491477
0.006060068,-0.089440330038691
0.006060313,-0.0935057995859051
0.006060498,-0.0972808784511691
0.006060615,-0.101055957316433
0.00606144,-0.104831036181697
0.00606028,-0.108606115046978
0.006058672,-0.112187600124287
0.006058984,-0.115672288307601
0.006059616,-0.119156976490932
0.006059544,-0.122544867780269
0.006060686,-0.125932759069622
0.006059912,-0.129320650358959
0.00606112,-0.13251494786034
0.00605798,-0.135709245361721
0.006058676,-0.138806745969125
0.006061481,-0.141904246576528
0.006061859,-0.145001747183932
0.006059166,-0.148099247791336
0.00605916,-0.151099951504744
0.006060686,-0.153907061430215
0.006063172,-0.156714171355669
0.006058564,-0.1596180781751
0.006058622,-0.162425188100554
0.00606066,-0.165232298026007
0.006059824,-0.168136204845456
0.006058603,-0.170846517876932
0.006061026,-0.17346003401443
0.006060316,-0.176073550151911
0.006059224,-0.17868706628941
0.006061328,-0.181300582426908
0.006059468,-0.183914098564407
0.00605959,-0.186527614701888
0.006062588,-0.189044333945409
0.006057851,-0.191464256294935
0.00606085,-0.193884178644478
0.00606206,-0.196304100994004
0.006056238,-0.19872402334353
0.00606339,-0.201143945693073
0.0060584,-0.203563868042599
0.00605948,-0.205983790392125
0.006062479,-0.208306915847673
0.006056658,-0.210533244409244
0.006064066,-0.212759572970815
0.006056008,-0.214985901532386
0.006060349,-0.217696214563862
0.006061301,-0.22001934001941
0.006059313,-0.223116840626814
0.006062441,-0.224955981612457
0.006056045,-0.226891919492078
0.006064158,-0.228924654265693
0.006055588,-0.230763795251337
0.00606268,-0.232699733130957
0.006056026,-0.234829264798551
0.006063756,-0.236958796466127
0.006057039,-0.238991531239742
0.006060551,-0.241121062907335
0.006057989,-0.243153797680934
0.006061181,-0.245186532454532
0.006058363,-0.247219267228148
0.006061363,-0.249155205107769
0.006058163,-0.251091142987389
0.006060906,-0.253123877761005
0.006057515,-0.255059815640626
0.00606256,-0.256995753520247
0.006057441,-0.258931691399885
0.006060952,-0.260867629279506
0.006056474,-0.262803567159126
0.006063564,-0.264739505038764
0.006056145,-0.266578646024408
0.006064578,-0.268514583904028
0.006054476,-0.270353724889672
0.006064378,-0.272096068981337
0.006056512,-0.274128803754936
0.00606341,-0.275967944740579
0.006056057,-0.277710288832244
0.00606123,-0.279549429817888
0.006061226,-0.281388570803531
0.006059496,-0.283130914895196
0.006060898,-0.28497005588084
0.006057122,-0.286615603078528
0.006064916,-0.288357947170193
0.006055645,-0.290100291261842
0.00606331,-0.291842635353507
0.00605666,-0.293584979445173
0.006060554,-0.295230526642861
0.006059144,-0.296972870734509
0.006057478,-0.298618417932197
0.006063674,-0.300360762023863
0.00605485,-0.302103106115528
0.006063282,-0.303845450207194
0.006055801,-0.305394200510887
0.006060016,-0.307039747708575
0.006062121,-0.308685294906246
0.006056494,-0.310330842103934
0.006064031,-0.311976389301622
0.006053738,-0.313525139605315
0.006060892,-0.315170686803003
0.006060952,-0.316719437106696
0.006057114,-0.318364984304384
0.00606414,-0.320010531502055
0.006053911,-0.321656078699743
0.006061512,-0.323204829003437
0.00606087,-0.324753579307147
0.006056968,-0.32630232961084
0.006064378,-0.327754283020556
0.006054916,-0.329303033324266
0.02420847,-0.32727029855065
0.1925899,-0.290390681943792
0.3942407,-0.24683207965222
0.5958974,-0.206274181074075
0.79755,-0.168329798633411
0.999203,-0.13309572922424
1.200857,-0.100087988376623
1.40251,-0.0690161854086434
1.604163,-0.0396867265323125
1.805817,-0.011615627277742
2.00747,0.0158746906129284
2.209122,0.0407514923661177
2.410777,0.063982746921619
2.61243,0.0867300170072151
2.814082,0.108509318153001
3.015735,0.129514244146948
3.21739,0.149647998095046
3.419043,0.169007376891288
3.620698,0.187495583641715
3.82235,0.205403009028259
4.024002,0.222536059262931
4.225659,0.239185125027715
4.427305,0.255253409428598
4.628956,0.270837709359594
4.83061,0.286034821714645
5.032268,0.300554355811835
5.233928,0.314783499227076
5.435574,0.328625455066406
5.63723,0.342177020223786
5.838884,0.355341397805238
6.040538,0.368118587810763
6.24219,0.38079898092231
6.443844,0.39309218645793
6.645495,0.405191798205577
6.84715,0.417001019271292
7.048804,0.428616646549051
7.250458,0.440135476932815
7.45211,0.451267119740669
7.653765,0.462398762548506
7.855418,0.473336811568405
8.057072,0.484178063694292
8.258722,0.494825722032241
8.460376,0.505376583476195
8.662031,0.515927444920149
8.863682,0.526284712576147
9.065338,0.536641980232146
9.266991,0.546805654100173
9.468644,0.557162921756172
9.670297,0.567133001836243
9.871951,0.577296675704269
10.0736,0.587653943360268
10.27526,0.59917277374405
10.47691,0.608271681778288
10.67856,0.617951371176409
10.88022,0.627727857468508
11.08187,0.637407546866647
11.28352,0.647087236264768
11.48518,0.656863722556884
11.68683,0.666640208848983
11.88848,0.676416695141099
12.09014,0.685999587645242
12.2918,0.695776073937341
12.49347,0.705358966441485
12.6901,0.714845062051651
12.88673,0.724040766979867
13.08839,0.733720456378005
13.29006,0.743303348882149
13.49173,0.752886241386292
13.6934,0.762372336996459
13.89506,0.771955229500602
14.09673,0.781441325110768
14.2984,0.791024217614912
14.50006,0.800316719437105
14.70172,0.809706018153294
14.90338,0.81919211376346
15.10505,0.828775006267603
15.30672,0.83797071119582
15.50839,0.847553603699963
15.71006,0.856942902416152
15.91172,0.866428998026318
16.11339,0.875818296742506
16.31506,0.885207595458677
16.51672,0.894596894174866
16.71839,0.904082989785032
16.92006,0.913375491607225
17.12173,0.922764790323414
17.3234,0.932057292145607
17.52506,0.941543387755773
17.72673,0.950739092684007
17.9284,0.960128391400178
18.13006,0.969517690116366
18.33174,0.978906988832555
18.5334,0.988296287548726
18.73507,0.997588789370937
18.93674,1.00697808808711
19.1384,1.0163673868033
19.34008,1.02575668551948
19.54174,1.03504918734168
19.74341,1.04443848605787
19.94508,1.05382778477406
20.14675,1.06321708349023
20.34841,1.07250958531244
20.55008,1.0819956809226
20.75175,1.09138497963877
20.95342,1.10087107524894
21.15508,1.11026037396513
21.35675,1.1197464695753
21.55842,1.12923256518546
21.76009,1.1388154576896
21.96176,1.14820475640578
22.16342,1.15788444580391
22.36509,1.16746733830806
22.56676,1.17714702770618
22.76843,1.18663312331635
22.9701,1.19631281271447
23.17176,1.20599250211261
23.37343,1.2157689884047
23.5751,1.22544867780283
23.77676,1.23532196098892
23.97844,1.24509844728103
24.1801,1.25506852736111
24.38174,1.26494181054718
24.58338,1.27500868752125
24.78502,1.28536595517723
24.98666,1.29572322283323
25.1883,1.30588689670127
25.38994,1.31624416435725
25.59158,1.32669822890723
25.79322,1.33715229345721
25.99485,1.34779995179516
26.1965,1.35844761013309
26.39813,1.36928886225899
26.59978,1.3801301143849
26.80141,1.39116496029875
27.00305,1.40229660310661
27.20469,1.41342824591445
27.40632,1.42475348251025
27.60796,1.43636910978801
27.8096,1.44817833085373
28.01124,1.46008434881342
28.21289,1.47218396056108
28.41452,1.48438036920273
28.61616,1.49667357473835
28.8178,1.50935396784989
29.01944,1.52232475164337
29.22108,1.53577951990678
29.42272,1.55000866332202
29.62436,1.56510897878309
29.826,1.58195163833583
30.02764,1.59782632894876
30.22928,1.6131202381978
30.43091,1.62783336608295
30.63255,1.64274008775607
30.83419,1.65784040321714
31.03583,1.67332790625416
31.23746,1.68978337823097
31.4391,1.70759400672352
31.64074,1.72753416688366
31.84238,1.74941026492342
32.04402,1.77399667599466
32.24566,1.79993824358164
32.4473,1.82452465465288
32.64894,1.84862708125423
32.85058,1.87979568111619
33.05222,1.92809733121283
33.25386,1.98520749866179
